PharmacyID,fac_id,dsps_dtm,change_dtm,pack,estimated,cum
4KCTY,127,20200125,20200125,897,1255.8,1255.8
4KCTY,127,20200126,20200126,811,1135.4,2391.2
4KCTY,127,20200127,20200127,775,1085.0,3476.2
4KCTY,127,20200128,20200128,813,1138.2,4614.4
4KCTY,127,20200129,20200129,870,1218.0,5832.4
4KCTY,156,20200125,20200125,650,910.0,910.0
4KCTY,156,20200126,20200126,640,896.0,1806.0
4KCTY,156,20200127,20200127,650,910.0,2716.0
4KCTY,156,20200128,20200128,658,921.2,3637.2
4KCTY,156,20200129,20200129,643,900.2,4537.4
4KCTY,158,20200125,20200125,1800,2520.0,2520.0
4KCTY,158,20200126,20200126,1756,2458.4,4978.4
4KCTY,158,20200127,20200127,1760,2464.0,7442.4
4KCTY,158,20200128,20200128,1428,1999.2,9556.4
4KCTY,158,20200128,20200129,82,114.8,9556.4
4KCTY,158,20200129,20200129,2006,2808.4,12364.8
4KCTY,162,20200125,20200125,508,711.2,711.2
4KCTY,162,20200126,20200126,477,667.8,1379.0
4KCTY,162,20200127,20200127,464,649.6,2028.6
4KCTY,162,20200128,20200128,453,634.2,2662.8
4KCTY,162,20200129,20200129,461,645.4,3308.2
4KCTY,163,20200125,20200125,427,597.8,597.8
4KCTY,163,20200126,20200126,434,607.6,1205.4
4KCTY,163,20200127,20200127,423,592.2,1797.6
4KCTY,163,20200128,20200128,433,606.2,2403.8
4KCTY,163,20200129,20200129,430,602.0,3005.8
4KCTY,170,20200125,20200125,664,929.6,929.6
4KCTY,170,20200126,20200126,657,919.8,1849.4
4KCTY,170,20200127,20200127,666,932.4,2781.8
4KCTY,170,20200128,20200128,665,931.0,3712.8
4KCTY,170,20200129,20200129,697,975.8,4688.6
4KCTY,651,20200125,20200125,998,1397.2,1397.2
4KCTY,651,20200126,20200126,991,1387.4,2784.6
4KCTY,651,20200127,20200127,979,1370.6,4155.2
4KCTY,651,20200128,20200128,1027,1437.8,5593.0
4KCTY,651,20200129,20200129,1022,1430.8,7023.8
4KCTY,652,20200125,20200125,1113,1558.2,1558.2
4KCTY,652,20200126,20200126,1113,1558.2,3116.4
4KCTY,652,20200127,20200127,1127,1577.8,4694.2
4KCTY,652,20200128,20200128,1052,1472.8,6167.0
4KCTY,652,20200129,20200129,1096,1534.4,7701.4
4KCTY,653,20200125,20200125,642,898.8,898.8
4KCTY,653,20200126,20200126,678,949.2,1848.0
4KCTY,653,20200127,20200127,658,921.2,2769.2
4KCTY,653,20200128,20200128,639,894.6,3663.8
4KCTY,653,20200129,20200129,666,932.4,4596.2
4KCTY,654,20200125,20200125,556,778.4,778.4
4KCTY,654,20200126,20200126,515,721.0,1499.4
4KCTY,654,20200127,20200127,537,751.8,2251.2
4KCTY,654,20200128,20200128,602,842.8,3094.0
4KCTY,654,20200129,20200129,547,765.8,3859.8
4KCTY,655,20200125,20200125,752,1052.8,1052.8
4KCTY,655,20200126,20200126,741,1037.4,2090.2
4KCTY,655,20200127,20200127,720,1008.0,3098.2
4KCTY,655,20200128,20200128,738,1033.2,4131.4
4KCTY,655,20200129,20200129,732,1024.8,5156.2
4KCTY,656,20200125,20200125,761,1065.4,1065.4
4KCTY,656,20200126,20200126,769,1076.6,2142.0
4KCTY,656,20200127,20200127,772,1080.8,3222.8
4KCTY,656,20200128,20200128,873,1222.2,4445.0
4KCTY,656,20200129,20200129,894,1251.6,5696.6
4KCTY,1113,20200125,20200125,427,597.8,597.8
4KCTY,1113,20200126,20200126,455,637.0,1234.8
4KCTY,1113,20200127,20200127,432,604.8,1839.6
4KCTY,1113,20200128,20200128,517,723.8,2563.4
4KCTY,1113,20200129,20200129,488,683.2,3246.6
4KCTY,1115,20200125,20200125,1,1.4,1.4
4KCTY,1115,20200127,20200127,200,280.0,281.4
4KCTY,1115,20200128,20200128,201,281.4,562.8
4KCTY,1115,20200129,20200129,199,278.6,841.4
4KCTY,1204,20200125,20200125,314,439.6,439.6
4KCTY,1204,20200126,20200126,317,443.8,883.4
4KCTY,1204,20200127,20200127,351,491.4,1374.8
4KCTY,1204,20200128,20200128,399,558.6,1933.4
4KCTY,1204,20200129,20200129,348,487.2,2420.6
4KCTY,1750,20200125,20200125,414,579.6,579.6
4KCTY,1750,20200126,20200126,417,583.8,1163.4
4KCTY,1750,20200127,20200127,409,572.6,1736.0
4KCTY,1750,20200128,20200128,423,592.2,2328.2
4KCTY,1750,20200129,20200129,418,585.2,2913.4
4KCTY,5600,20200125,20200125,2097,2935.8,2935.8
4KCTY,5600,20200126,20200126,2086,2920.4,5856.2
4KCTY,5600,20200127,20200127,2180,3052.0,8908.2
4KCTY,5600,20200128,20200128,2147,3005.8,11916.8
4KCTY,5600,20200128,20200129,2,2.8,11916.8
4KCTY,5600,20200129,20200129,2192,3068.8,14985.6
4KCTY,5602,20200125,20200125,181,253.4,253.4
4KCTY,5602,20200126,20200126,223,312.2,565.6
4KCTY,5602,20200127,20200127,203,284.2,859.6
4KCTY,5602,20200127,20200128,7,9.8,859.6
4KCTY,5602,20200128,20200128,241,337.4,1197.0
4KCTY,5602,20200129,20200129,204,285.6,1482.6
4KCTY,14400,20200125,20200125,415,581.0,581.0
4KCTY,14400,20200126,20200126,418,585.2,1166.2
4KCTY,14400,20200127,20200127,424,593.6,1759.8
4KCTY,14400,20200128,20200128,426,596.4,2356.2
4KCTY,14400,20200129,20200129,427,597.8,2954.0
4KCTY,95600,20200125,20200125,37,51.8,51.8
4KCTY,95600,20200126,20200126,44,61.6,113.4
4KCTY,95600,20200127,20200127,23,32.2,145.6
4KCTY,95600,20200128,20200128,25,35.0,180.6
4KCTY,95600,20200129,20200129,33,46.2,226.8
4KCTY,B1550,20200125,20200125,375,525.0,525.0
4KCTY,B1550,20200126,20200126,357,499.8,1024.8
4KCTY,B1550,20200127,20200127,350,490.0,1514.8
4KCTY,B1550,20200128,20200128,361,505.4,2020.2
4KCTY,B1550,20200129,20200129,317,443.8,2464.0
4KCTY,J1101,20200125,20200125,417,583.8,583.8
4KCTY,J1101,20200126,20200126,403,564.2,1148.0
4KCTY,J1101,20200127,20200127,399,558.6,1706.6
4KCTY,J1101,20200128,20200128,395,553.0,2259.6
4KCTY,J1101,20200129,20200129,399,558.6,2818.2
4KCTY,J1102,20200125,20200125,221,309.4,309.4
4KCTY,J1102,20200126,20200126,221,309.4,618.8
4KCTY,J1102,20200127,20200127,229,320.6,939.4
4KCTY,J1102,20200128,20200128,231,323.4,1262.8
4KCTY,J1102,20200129,20200129,230,322.0,1584.8
4KCTY,J1103,20200125,20200125,490,686.0,686.0
4KCTY,J1103,20200126,20200126,483,676.2,1362.2
4KCTY,J1103,20200127,20200127,492,688.8,2051.0
4KCTY,J1103,20200128,20200128,478,669.2,2720.2
4KCTY,J1103,20200129,20200129,488,683.2,3403.4
4KCTY,J1104,20200125,20200125,571,799.4,799.4
4KCTY,J1104,20200126,20200126,580,812.0,1611.4
4KCTY,J1104,20200127,20200127,587,821.8,2433.2
4KCTY,J1104,20200128,20200128,577,807.8,3241.0
4KCTY,J1104,20200129,20200129,588,823.2,4064.2
4KCTY,J1105,20200125,20200125,235,329.0,329.0
4KCTY,J1105,20200126,20200126,235,329.0,658.0
4KCTY,J1105,20200127,20200127,241,337.4,995.4
4KCTY,J1105,20200128,20200128,240,336.0,1331.4
4KCTY,J1105,20200129,20200129,251,351.4,1682.8
4KCTY,J1106,20200125,20200125,327,457.8,457.8
4KCTY,J1106,20200126,20200126,313,438.2,896.0
4KCTY,J1106,20200127,20200127,323,452.2,1348.2
4KCTY,J1106,20200128,20200128,350,490.0,1838.2
4KCTY,J1106,20200129,20200129,331,463.4,2301.6
