PharmacyID,fac_id,dsps_dtm,change_dtm,pack,estimated,cum
2MNEA,323,20200125,20200125,141,197.4,197.4
2MNEA,323,20200126,20200126,141,197.4,394.8
2MNEA,323,20200127,20200127,142,198.8,593.6
2MNEA,323,20200128,20200128,145,203.0,796.6
2MNEA,323,20200129,20200129,156,218.4,1015.0
2MNEA,325,20200125,20200125,271,379.4,379.4
2MNEA,325,20200126,20200126,264,369.6,749.0
2MNEA,325,20200127,20200127,261,365.4,1114.4
2MNEA,325,20200128,20200128,266,372.4,1486.8
2MNEA,325,20200129,20200129,271,379.4,1866.2
2MNEA,375,20200125,20200125,495,693.0,693.0
2MNEA,375,20200126,20200126,490,686.0,1379.0
2MNEA,375,20200127,20200127,489,684.6,2063.6
2MNEA,375,20200128,20200128,482,674.8,2738.4
2MNEA,375,20200129,20200129,495,693.0,3431.4
2MNEA,439,20200125,20200125,523,732.2,732.2
2MNEA,439,20200126,20200126,541,757.4,1489.6
2MNEA,439,20200127,20200127,476,666.4,2156.0
2MNEA,439,20200128,20200128,574,803.6,2959.6
2MNEA,439,20200129,20200129,497,695.8,3655.4
2MNEA,530,20200125,20200125,136,190.4,190.4
2MNEA,530,20200126,20200126,141,197.4,387.8
2MNEA,530,20200127,20200127,123,172.2,560.0
2MNEA,530,20200128,20200128,155,217.0,777.0
2MNEA,530,20200129,20200129,166,232.4,1009.4
2MNEA,863,20200125,20200125,303,424.2,424.2
2MNEA,863,20200126,20200126,298,417.2,841.4
2MNEA,863,20200127,20200127,311,435.4,1276.8
2MNEA,863,20200128,20200128,291,407.4,1684.2
2MNEA,863,20200129,20200129,304,425.6,2109.8
2MNEA,864,20200125,20200125,229,320.6,320.6
2MNEA,864,20200126,20200126,223,312.2,632.8
2MNEA,864,20200127,20200127,246,344.4,977.2
2MNEA,864,20200128,20200128,245,343.0,1320.2
2MNEA,864,20200129,20200129,235,329.0,1649.2
2MNEA,865,20200125,20200125,245,343.0,343.0
2MNEA,865,20200126,20200126,245,343.0,686.0
2MNEA,865,20200127,20200127,242,338.8,1024.8
2MNEA,865,20200128,20200128,247,345.8,1370.6
2MNEA,865,20200129,20200129,261,365.4,1736.0
2MNEA,867,20200125,20200125,190,266.0,266.0
2MNEA,867,20200126,20200126,188,263.2,529.2
2MNEA,867,20200127,20200127,179,250.6,779.8
2MNEA,867,20200128,20200128,177,247.8,1027.6
2MNEA,867,20200129,20200129,176,246.4,1274.0
2MNEA,869,20200125,20200125,163,228.2,228.2
2MNEA,869,20200126,20200126,159,222.6,450.8
2MNEA,869,20200127,20200127,165,231.0,681.8
2MNEA,869,20200128,20200128,87,121.8,803.6
2MNEA,869,20200129,20200129,217,303.8,1107.4
2MNEA,878,20200125,20200125,211,295.4,295.4
2MNEA,878,20200126,20200126,217,303.8,599.2
2MNEA,878,20200127,20200127,224,313.6,912.8
2MNEA,878,20200128,20200128,215,301.0,1213.8
2MNEA,878,20200129,20200129,215,301.0,1514.8
2MNEA,885,20200125,20200125,364,509.6,509.6
2MNEA,885,20200126,20200126,540,756.0,1265.6
2MNEA,885,20200127,20200127,389,544.6,1810.2
2MNEA,885,20200128,20200128,334,467.6,2277.8
2MNEA,885,20200129,20200129,622,870.8,3148.6
2MNEA,886,20200125,20200125,172,240.8,240.8
2MNEA,886,20200126,20200126,175,245.0,485.8
2MNEA,886,20200127,20200127,182,254.8,740.6
2MNEA,886,20200128,20200128,180,252.0,992.6
2MNEA,886,20200129,20200129,183,256.2,1248.8
2MNEA,929,20200125,20200125,395,553.0,553.0
2MNEA,929,20200126,20200126,389,544.6,1097.6
2MNEA,929,20200127,20200127,383,536.2,1633.8
2MNEA,929,20200128,20200128,392,548.8,2182.6
2MNEA,929,20200129,20200129,406,568.4,2751.0
2MNEA,930,20200125,20200125,397,555.8,555.8
2MNEA,930,20200126,20200126,385,539.0,1094.8
2MNEA,930,20200127,20200127,383,536.2,1631.0
2MNEA,930,20200128,20200128,378,529.2,2160.2
2MNEA,930,20200129,20200129,413,578.2,2738.4
2MNEA,956,20200125,20200125,301,421.4,421.4
2MNEA,956,20200126,20200126,291,407.4,828.8
2MNEA,956,20200127,20200127,284,397.6,1226.4
2MNEA,956,20200128,20200128,294,411.6,1638.0
2MNEA,956,20200129,20200129,301,421.4,2059.4
2MNEA,958,20200125,20200125,75,105.0,105.0
2MNEA,958,20200126,20200126,71,99.4,204.4
2MNEA,958,20200127,20200127,71,99.4,303.8
2MNEA,958,20200128,20200128,86,120.4,424.2
2MNEA,958,20200129,20200129,76,106.4,530.6
2MNEA,959,20200125,20200125,318,445.2,445.2
2MNEA,959,20200126,20200126,303,424.2,869.4
2MNEA,959,20200127,20200127,290,406.0,1275.4
2MNEA,959,20200128,20200128,292,408.8,1684.2
2MNEA,959,20200129,20200129,284,397.6,2081.8
2MNEA,961,20200125,20200125,771,1079.4,1079.4
2MNEA,961,20200126,20200126,770,1078.0,2157.4
2MNEA,961,20200127,20200127,779,1090.6,3248.0
2MNEA,961,20200128,20200128,756,1058.4,4306.4
2MNEA,961,20200129,20200129,768,1075.2,5381.6
2MNEA,966,20200125,20200125,240,336.0,336.0
2MNEA,966,20200126,20200126,244,341.6,677.6
2MNEA,966,20200127,20200127,256,358.4,1036.0
2MNEA,966,20200128,20200128,246,344.4,1380.4
2MNEA,966,20200129,20200129,238,333.2,1713.6
2MNEA,1112,20200125,20200125,3,4.2,4.2
2MNEA,1112,20200128,20200128,1,1.4,5.6
2MNEA,1112,20200129,20200129,3,4.2,9.8
2MNEA,1650,20200125,20200125,756,1058.4,1058.4
2MNEA,1650,20200126,20200126,772,1080.8,2139.2
2MNEA,1650,20200127,20200127,757,1059.8,3199.0
2MNEA,1650,20200128,20200128,752,1052.8,4251.8
2MNEA,1650,20200129,20200129,724,1013.6,5265.4
2MNEA,2387,20200125,20200125,240,336.0,336.0
2MNEA,2387,20200126,20200126,235,329.0,665.0
2MNEA,2387,20200127,20200127,245,343.0,1008.0
2MNEA,2387,20200128,20200128,238,333.2,1341.2
2MNEA,2387,20200129,20200129,235,329.0,1670.2
2MNEA,2389,20200125,20200125,1,1.4,1.4
2MNEA,2389,20200127,20200127,3,4.2,5.6
2MNEA,2389,20200128,20200128,4,5.6,11.2
2MNEA,2606,20200125,20200125,595,833.0,833.0
2MNEA,2606,20200126,20200126,600,840.0,1673.0
2MNEA,2606,20200127,20200127,580,812.0,2485.0
2MNEA,2606,20200128,20200128,425,595.0,3124.8
2MNEA,2606,20200128,20200129,32,44.8,3124.8
2MNEA,2606,20200129,20200129,764,1069.6,4194.4
2MNEA,2607,20200125,20200125,351,491.4,491.4
2MNEA,2607,20200126,20200126,341,477.4,968.8
2MNEA,2607,20200127,20200127,356,498.4,1467.2
2MNEA,2607,20200128,20200128,400,560.0,2027.2
2MNEA,2607,20200129,20200129,366,512.4,2539.6
2MNEA,2818,20200125,20200125,220,308.0,308.0
2MNEA,2818,20200126,20200126,229,320.6,628.6
2MNEA,2818,20200127,20200127,258,361.2,989.8
2MNEA,2818,20200128,20200128,213,298.2,1288.0
2MNEA,2818,20200129,20200129,251,351.4,1639.4
2MNEA,2819,20200125,20200125,271,379.4,379.4
2MNEA,2819,20200126,20200126,268,375.2,754.6
2MNEA,2819,20200127,20200127,262,366.8,1121.4
2MNEA,2819,20200128,20200128,259,362.6,1484.0
2MNEA,2819,20200129,20200129,262,366.8,1850.8
2MNEA,2820,20200125,20200125,292,408.8,408.8
2MNEA,2820,20200126,20200126,290,406.0,814.8
2MNEA,2820,20200127,20200127,294,411.6,1226.4
2MNEA,2820,20200128,20200128,304,425.6,1652.0
2MNEA,2820,20200129,20200129,309,432.6,2084.6
2MNEA,3624,20200125,20200125,645,903.0,903.0
2MNEA,3624,20200126,20200126,562,786.8,1689.8
2MNEA,3624,20200127,20200127,526,736.4,2426.2
2MNEA,3624,20200128,20200128,527,737.8,3164.0
2MNEA,3624,20200129,20200129,562,786.8,3950.8
2MNEA,4022,20200125,20200125,521,729.4,729.4
2MNEA,4022,20200126,20200126,508,711.2,1440.6
2MNEA,4022,20200127,20200127,474,663.6,2104.2
2MNEA,4022,20200128,20200128,486,680.4,2784.6
2MNEA,4022,20200129,20200129,492,688.8,3473.4
2MNEA,77003,20200125,20200125,196,274.4,274.4
2MNEA,77003,20200126,20200126,189,264.6,539.0
2MNEA,77003,20200127,20200127,192,268.8,807.8
2MNEA,77003,20200128,20200128,188,263.2,1071.0
2MNEA,77003,20200129,20200129,192,268.8,1339.8
2MNEA,85000,20200125,20200125,210,294.0,294.0
2MNEA,85000,20200126,20200126,215,301.0,595.0
2MNEA,85000,20200127,20200127,222,310.8,905.8
2MNEA,85000,20200128,20200128,224,313.6,1219.4
2MNEA,85000,20200129,20200129,240,336.0,1555.4
2MNEA,B1551,20200125,20200125,412,576.8,576.8
2MNEA,B1551,20200126,20200126,400,560.0,1136.8
2MNEA,B1551,20200127,20200127,434,607.6,1744.4
2MNEA,B1551,20200128,20200128,425,595.0,2339.4
2MNEA,B1551,20200129,20200129,72,100.8,2959.6
2MNEA,B1551,20200129,20200130,371,519.4,2959.6
2MNEA,B1552,20200125,20200125,568,795.2,795.2
2MNEA,B1552,20200126,20200126,569,796.6,1591.8
2MNEA,B1552,20200127,20200127,561,785.4,2377.2
2MNEA,B1552,20200128,20200128,552,772.8,3150.0
2MNEA,B1552,20200129,20200129,548,767.2,3917.2
2MNEA,B1553,20200125,20200125,301,421.4,421.4
2MNEA,B1553,20200126,20200126,302,422.8,844.2
2MNEA,B1553,20200127,20200127,291,407.4,1251.6
2MNEA,B1553,20200128,20200128,293,410.2,1661.8
2MNEA,B1553,20200129,20200129,288,403.2,2065.0
2MNEA,B1556,20200125,20200125,577,807.8,807.8
2MNEA,B1556,20200126,20200126,588,823.2,1631.0
2MNEA,B1556,20200127,20200127,589,824.6,2455.6
2MNEA,B1556,20200128,20200128,588,823.2,3278.8
2MNEA,B1556,20200129,20200129,590,826.0,4104.8
2MNEA,B1558,20200125,20200125,327,457.8,457.8
2MNEA,B1558,20200126,20200126,329,460.6,918.4
2MNEA,B1558,20200127,20200127,347,485.8,1404.2
2MNEA,B1558,20200128,20200128,348,487.2,1891.4
2MNEA,B1558,20200129,20200129,347,485.8,2377.2
2MNEA,B1562,20200125,20200125,710,994.0,994.0
2MNEA,B1562,20200126,20200126,732,1024.8,2018.8
2MNEA,B1562,20200127,20200127,777,1087.8,3106.6
2MNEA,B1562,20200128,20200128,790,1106.0,4212.6
2MNEA,B1562,20200129,20200129,803,1124.2,5336.8
